these are images where FingerCode failed. the reasons are fairly apparent.

indices of match failures : 

3 5
3 6
4 5
4 6
10 15
11 15
13 15
16 17
16 20
16 21
16 23
17 18
17 20
17 21
17 22
18 21
20 21
20 22
20 23
21 22
21 23
24 27
24 29
25 29
26 27
26 29
27 29
27 31
28 29
29 31
32 39
33 39
35 39
36 39
38 39
40 42
40 45
40 47
41 42
41 44
41 45
41 47
42 46
42 47
43 47
48 55
49 55
50 55
53 55
56 57
56 58
56 60
56 61
56 62
56 63
57 58
57 59
57 60
57 61
57 62
57 63
58 59
58 62
58 63
59 60
59 61
59 62
59 63
61 62
64 69
65 69
66 69
67 69
68 69
69 70
69 71